fit_time_000 : 0.08151440000000001;NaN;NaN;NaN;NaN;NaN;NaN;NaN;NaN;NaN;NaN;NaN;NaN;NaN
iteration_000 : 0;8;9;11;10;13;5;6;7;12;3;4;1;2
pipeline_id_000 : faf12f74cf9bbd358ca5525682c5030d36f7be7c;830e8e57d22b804a00da9d81e7e4438017f662f8;4798a8f2c19a167abc1b2c006bad22262c19f045;484790e0d7bd862041d12c998feb4361230b5863;6b6bf9ed863b20daa666d3567fd45f59d6973865;ddb2ba438a7a8c81c4a4b699a096586ca22c63e0;582efe18364604f1d2450ef807e316e8c1166d5c;8459df1e0350c453edc3adf59b6f123a5fd73eef;621989bd86a6c9583f84b58a4b9248c0518c6821;061dfd17a9e74872993dc81f582d3ed547a8b1fb;60c88a5c0ed180ccd7dad1a8d5e8731e32278ef4;46055c034694ce6ad26dded8f2cd265d19036fb0;b76be6b5846772ee1128c4d415381c1e9fed455e;5b0e439eefdc31e5acc9bd5d4e6954fd8c95020a
predicted_cost_000 : 0;0.5;0.5;0.5;0.5;0.5;0.5;0.5;0.5;0.5;0.5;0.5;0.5;0.5
run_algorithm_000 : LightGBM;;;;;;;;;;;;;
run_preprocessor_000 : MaxAbsScaler;;;;;;;;;;;;;
score_000 : 0.08048882819856848;NaN;NaN;NaN;NaN;NaN;NaN;NaN;NaN;NaN;NaN;NaN;NaN;NaN
training_percent_000 : 100;100;100;100;100;100;100;100;100;100;100;100;100;100
